CATMULL_ROM
16
8

0.4  0.0
0.28 0.2
0.0  0.3
-0.28 0.2
-0.4  0.0
-0.28 -0.2
0.0  -0.3
0.28 -0.2
1.0
0 1 0 0.0
10.0 0.0 0.0

0.4  0.0
0.28 0.2
0.0  0.3
-0.28 0.2
-0.4  0.0
-0.28 -0.2
0.0  -0.3
0.28 -0.2
1.0
0 1 0 0.3
9.2 3.1 3.0

0.4  0.0
0.28 0.2
0.0  0.3
-0.28 0.2
-0.4  0.0
-0.28 -0.2
0.0  -0.3
0.28 -0.2
1.0
0 1 0 0.0
10.0 0.0 0.0

0.4  0.0
0.28 0.2
0.0  0.3
-0.28 0.2
-0.4  0.0
-0.28 -0.2
0.0  -0.3
0.28 -0.2
1.0
0 1 0 0.3
9.2 3.1 3.0

0.4  0.0
0.28 0.2
0.0  0.3
-0.28 0.2
-0.4  0.0
-0.28 -0.2
0.0  -0.3
0.28 -0.2
1.0
0 1 0 0.0
10.0 0.0 0.0

0.4  0.0
0.28 0.2
0.0  0.3
-0.28 0.2
-0.4  0.0
-0.28 -0.2
0.0  -0.3
0.28 -0.2
1.0
0 1 0 0.3
9.2 3.1 3.0

0.4  0.0
0.28 0.2
0.0  0.3
-0.28 0.2
-0.4  0.0
-0.28 -0.2
0.0  -0.3
0.28 -0.2
1.0
0 1 0 0.0
10.0 0.0 0.0

0.4  0.0
0.28 0.2
0.0  0.3
-0.28 0.2
-0.4  0.0
-0.28 -0.2
0.0  -0.3
0.28 -0.2
1.0
0 1 0 0.3
9.2 3.1 3.0

0.4  0.0
0.28 0.2
0.0  0.3
-0.28 0.2
-0.4  0.0
-0.28 -0.2
0.0  -0.3
0.28 -0.2
1.0
0 1 0 0.0
10.0 0.0 0.0

0.4  0.0
0.28 0.2
0.0  0.3
-0.28 0.2
-0.4  0.0
-0.28 -0.2
0.0  -0.3
0.28 -0.2
1.0
0 1 0 0.3
9.2 3.1 3.0

0.4  0.0
0.28 0.2
0.0  0.3
-0.28 0.2
-0.4  0.0
-0.28 -0.2
0.0  -0.3
0.28 -0.2
1.0
0 1 0 0.0
10.0 0.0 0.0

0.4  0.0
0.28 0.2
0.0  0.3
-0.28 0.2
-0.4  0.0
-0.28 -0.2
0.0  -0.3
0.28 -0.2
1.0
0 1 0 0.3
9.2 3.1 3.0

0.4  0.0
0.28 0.2
0.0  0.3
-0.28 0.2
-0.4  0.0
-0.28 -0.2
0.0  -0.3
0.28 -0.2
1.0
0 1 0 0.0
10.0 0.0 0.0

0.4  0.0
0.28 0.2
0.0  0.3
-0.28 0.2
-0.4  0.0
-0.28 -0.2
0.0  -0.3
0.28 -0.2
1.0
0 1 0 0.3
9.2 3.1 3.0

0.4  0.0
0.28 0.2
0.0  0.3
-0.28 0.2
-0.4  0.0
-0.28 -0.2
0.0  -0.3
0.28 -0.2
1.0
0 1 0 0.0
10.0 0.0 0.0

0.4  0.0
0.28 0.2
0.0  0.3
-0.28 0.2
-0.4  0.0
-0.28 -0.2
0.0  -0.3
0.28 -0.2
1.0
0 1 0 0.3
9.2 3.1 3.0
